fk3001 HT matrix for different positions

HT matrix at home position ([0 0 0]):

     1     0     0   100
     0     1     0     0
     0     0     1   195
     0     0     0     1



HT matrix at nest position ([-90 86 33.71])

   -0.0000    1.0000    0.0000    0.0000
    0.4956    0.0000   -0.8685  -50.1954
   -0.8685         0   -0.4956   15.1211
         0         0         0    1.0000


HT matrix at random1 position ([45 45 45])

         0   -0.7071    0.7071   50.0000
         0    0.7071    0.7071   50.0000
   -1.0000         0         0   65.7107
         0         0         0    1.0000


HT matrix at random2 position ([-1.2 -27.14 -5.65]):


    0.8405    0.0209   -0.5414   38.4411
   -0.0176    0.9998    0.0113   -0.8052
    0.5416         0    0.8407  238.1456
         0         0         0    1.0000
